max = 25.200000 
min = 4.300000 
mean= 14.216568 
